== /sys/devices/system/cpu/cpufreq/policy0
300000 4041030
364800 407061
441600 46670
518400 30863
595200 9142
672000 5448
748800 5127
825600 4847
883200 3246
960000 3194
1036800 2275
1094400 1655
1171200 3808
1248000 2332
1324800 1900
1401600 1634
1478400 1428
1555200 1308
1670400 1757
1747200 1344
1824000 1027
1900800 23997
read_exit=0
== /sys/devices/system/cpu/cpufreq/policy4
300000 4483333
345600 6121
422400 6618
499200 5155
576000 2105
652800 1410
729600 934
806400 989
902400 921
979200 940
1056000 722
1132800 1852
1190400 897
1267200 706
1344000 818
1420800 910
1497600 962
1574400 823
1651200 1166
1728000 850
1804800 775
1881600 511
1958400 448
2035200 609
2112000 610
2208000 765
2265600 403
2323200 265
2342400 106
2361600 135
2457600 78227
read_exit=0
