== /sys/devices/system/cpu/cpufreq/policy0
384000 0
556800 162544
748800 2424
960000 1046
1152000 1220
1363200 1342
1555200 2006
1785600 1394
1996800 962
2227200 704
2400000 1298
2745600 5376
2918400 217
3072000 2006
3321600 404
3532800 5086
read_exit=0
== /sys/devices/system/cpu/cpufreq/policy6
1017600 178335
1209600 69
1401600 55
1689600 723
1958400 666
2246400 1088
2438400 191
2649600 64
2841600 451
3072000 1285
3283200 916
3513600 455
3840000 792
4089600 118
4281600 85
4473600 2735
read_exit=0
