== /sys/devices/system/cpu/cpufreq/policy0
394000 9781283
533000 19151
614000 81281
691000 3726
787000 3704
883000 5185
960000 3893
1036000 2375
1152000 2615
1248000 1857
1344000 1572
1440000 1377
1536000 1184
1632000 1388
1728000 976
1824000 945
1920000 866
2073000 2013
2150000 533
2227000 513
2342000 723
2496000 1044
2649000 1754
read_exit=0
== /sys/devices/system/cpu/cpufreq/policy2
394000 9894092
533000 4469
614000 1415
691000 1118
768000 678
844000 669
921000 599
1036000 1121
1171000 802
1305000 1227
1440000 473
1574000 453
1689000 250
1804000 359
1920000 185
2035000 675
2169000 201
2304000 183
2476000 217
2649000 3401
2899000 1663
3148000 2850
3379000 2863
read_exit=0
== /sys/devices/system/cpu/cpufreq/policy6
788000 9904192
921000 80
1056000 59
1190000 20
1305000 32
1420000 46
1555000 26
1689000 62
1843000 48
1996000 18
2150000 26
2323000 19
2496000 54
2649000 16
2803000 10
3033000 259
3340000 1885
3571000 803
3782000 23
3898000 40
4013000 24
4109000 12224
read_exit=0
