== /sys/devices/system/cpu/cpufreq/policy0
300000 1645406
364800 95093
441600 14058
518400 11707
595200 3762
672000 2412
748800 2547
825600 2388
883200 1474
960000 1511
1036800 1210
1094400 880
1171200 3014
1248000 1316
1324800 1236
1401600 953
1478400 807
1555200 819
1670400 1149
1747200 811
1824000 605
1900800 19637
read_exit=0
== /sys/devices/system/cpu/cpufreq/policy4
300000 1741939
345600 2253
422400 4692
499200 5561
576000 1690
652800 1500
729600 1028
806400 1292
902400 1014
979200 742
1056000 537
1132800 1470
1190400 681
1267200 477
1344000 453
1420800 614
1497600 606
1574400 490
1651200 769
1728000 607
1804800 434
1881600 306
1958400 285
2035200 288
2112000 354
2208000 473
2265600 188
2323200 189
2342400 75
2361600 97
2457600 41690
read_exit=0
